22
0.0  0.0  0.0
1.0  0.0  0.0
2.0  0.0  0.0
0.0  1.0  0.0
1.0  1.0  0.0
2.0  1.0  0.0
0.0  2.0  0.0
1.0  2.0  0.0
2.0  2.0  0.0
0.0  0.0  1.0
1.0  0.0  1.0
2.0  0.0  1.0
0.0  1.0  1.0
1.0  1.0  1.0
2.0  1.0  1.0
0.0  2.0  1.0
1.0  2.0  1.0
2.0  2.0  1.0
0.0  0.0  3.0
2.0  0.0  3.0
0.0  2.0  3.0
2.0  2.0  3.0
33
4 1 2 5 4
4 2 3 6 5
4 4 5 8 7
4 5 6 9 8
4 1 2 11 10
4 2 3 12 11
4 3 6 15 12
4 6 9 18 15
4 8 9 18 17
4 7 8 17 16
4 4 7 16 13
4 1 4 13 10
4 2 5 14 11
4 5 6 15 14
4 5 8 17 14
4 4 5 14 13
4 10 11 14 13
4 11 12 15 14
4 13 14 17 16
4 14 15 18 17
3 10 11 19
3 19 11 20
3 11 12 20
3 12 15 20
3 15 20 22
3 15 18 22
3 17 18 22
3 17 21 22
3 16 17 21
3 13 16 21
3 13 19 21
3 10 13 19
4 19 20 22 21	
5	
6  -1   5  13  -16  -12 17
6  -2   6   7  -14  -13 18
6  -3  16  15  -10  -11 19
6  -4  14   8   -9  -15 20
17 -17 -18 -19 -20   21 22  23  24 -25  26 -27  28 -29 -30  31 -32  33
5
0.5  0.5  0.5
1.5  0.5  0.5
0.5  1.5  0.5 
1.5  1.5  0.5
1.0  1.0  2.0