75
3.0000000000	3.0000000000	0.0000000000
3.0000000000	0.0000000000	0.0000000000
3.0000000000	-3.0000000000	0.0000000000
0.0000000000	3.0000000000	0.0000000000
0.0000000000	0.0000000000	0.0000000000
0.0000000000	-3.0000000000	0.0000000000
-3.0000000000	3.0000000000	0.0000000000
-3.0000000000	0.0000000000	0.0000000000
-3.0000000000	-3.0000000000	0.0000000000
0.0000000000	1.0000000000	0.0000000000
1.0000000000	3.0000000000	0.0000000000
3.0000000000	1.0000000000	0.0000000000
1.0000000000	0.0000000000	0.0000000000
0.0000000000	-1.0000000000	0.0000000000
3.0000000000	-1.0000000000	0.0000000000
1.0000000000	-3.0000000000	0.0000000000
-3.0000000000	1.0000000000	0.0000000000
-1.0000000000	3.0000000000	0.0000000000
-1.0000000000	0.0000000000	0.0000000000
-3.0000000000	-1.0000000000	0.0000000000
-1.0000000000	-3.0000000000	0.0000000000
-1.0000000000	1.0000000000	0.0000000000
1.0000000000	1.0000000000	0.0000000000
-1.0000000000	-1.0000000000	0.0000000000
1.0000000000	-1.0000000000	0.0000000000
3.0000000000	3.0000000000	-3.0000000000
3.0000000000	0.0000000000	-3.0000000000
3.0000000000	-3.0000000000	-3.0000000000
0.0000000000	3.0000000000	-3.0000000000
0.0000000000	0.0000000000	-3.0000000000
0.0000000000	-3.0000000000	-3.0000000000
-3.0000000000	3.0000000000	-3.0000000000
-3.0000000000	0.0000000000	-3.0000000000
-3.0000000000	-3.0000000000	-3.0000000000
3.0000000000	3.0000000000	0.0000000000
3.0000000000	0.0000000000	0.0000000000
3.0000000000	-3.0000000000	0.0000000000
0.0000000000	3.0000000000	0.0000000000
0.0000000000	0.0000000000	0.0000000000
0.0000000000	-3.0000000000	0.0000000000
-3.0000000000	3.0000000000	0.0000000000
-3.0000000000	0.0000000000	0.0000000000
-3.0000000000	-3.0000000000	0.0000000000
0.0000000000	1.0000000000	0.0000000000
1.0000000000	3.0000000000	0.0000000000
3.0000000000	1.0000000000	0.0000000000
1.0000000000	0.0000000000	0.0000000000
0.0000000000	-1.0000000000	0.0000000000
3.0000000000	-1.0000000000	0.0000000000
1.0000000000	-3.0000000000	0.0000000000
-3.0000000000	1.0000000000	0.0000000000
-1.0000000000	3.0000000000	0.0000000000
-1.0000000000	0.0000000000	0.0000000000
-3.0000000000	-1.0000000000	0.0000000000
-1.0000000000	-3.0000000000	0.0000000000
-1.0000000000	1.0000000000	0.0000000000
1.0000000000	1.0000000000	0.0000000000
-1.0000000000	-1.0000000000	0.0000000000
1.0000000000	-1.0000000000	0.0000000000
-3.0000000000	3.0000000000	3.0000000000
-1.0000000000	3.0000000000	3.0000000000
1.0000000000	3.0000000000	3.0000000000
3.0000000000	3.0000000000	3.0000000000
-3.0000000000	1.0000000000	3.0000000000
-1.0000000000	1.0000000000	3.0000000000
1.0000000000	1.0000000000	3.0000000000
3.0000000000	1.0000000000	3.0000000000
-3.0000000000	-1.0000000000	3.0000000000
-1.0000000000	-1.0000000000	3.0000000000
1.0000000000	-1.0000000000	3.0000000000
3.0000000000	-1.0000000000	3.0000000000
-3.0000000000	-3.0000000000	3.0000000000
-1.0000000000	-3.0000000000	3.0000000000
1.0000000000	-3.0000000000	3.0000000000
3.0000000000	-3.0000000000	3.0000000000
153
3	4	10	29
3	10	30	29
3	10	5	30
4	4	11	23	10
4	1	12	23	11
4	5	10	23	13
4	2	13	23	12
3	5	13	30
3	13	27	30
3	13	2	27
4	30	27	26	29
3	29	11	4
3	29	26	11
3	26	1	11
3	1	26	12
3	26	27	12
3	27	2	12
3	5	14	30
3	14	31	30
3	14	6	31
4	5	13	25	14
4	2	15	25	13
4	6	14	25	16
4	3	16	25	15
3	6	16	31
3	16	28	31
3	16	3	28
4	31	28	27	30
3	30	13	5
3	30	27	13
3	27	2	13
3	2	27	15
3	27	28	15
3	28	3	15
3	7	17	32
3	17	33	32
3	17	8	33
4	7	18	22	17
4	4	10	22	18
4	8	17	22	19
4	5	19	22	10
3	8	19	33
3	19	30	33
3	19	5	30
4	33	30	29	32
3	32	29	7
3	29	18	7
3	29	4	18
3	29	10	4
3	29	30	10
3	30	5	10
3	8	20	33
3	20	34	33
3	20	9	34
4	8	19	24	20
4	5	14	24	19
4	9	20	24	21
4	6	21	24	14
3	9	21	34
3	21	31	34
3	21	6	31
4	34	31	30	33
3	33	19	8
3	33	30	19
3	30	5	19
3	30	14	5
3	30	31	14
3	31	6	14
4	60	61	65	64
4	60	41	52	61
4	61	52	56	65
4	65	56	51	64
4	64	51	41	60
4	51	56	52	41
4	61	62	66	65
3	61	38	62
3	38	45	62
3	61	52	38
4	62	45	57	66
3	66	44	65
3	44	56	65
3	66	57	44
4	65	56	52	61
4	52	56	44	38
4	44	57	45	38
4	62	63	67	66
4	62	45	35	63
4	63	35	46	67
4	67	46	57	66
4	66	57	45	62
4	45	57	46	35
4	64	65	69	68
4	64	51	56	65
3	65	53	69
3	53	58	69
3	65	56	53
4	69	58	54	68
3	68	42	64
3	42	51	64
3	68	54	42
4	53	56	51	42
4	54	58	53	42
4	65	66	70	69
3	65	44	66
3	65	56	44
3	44	57	66
3	66	47	70
3	47	59	70
3	66	57	47
3	70	48	69
3	48	58	69
3	70	59	48
3	69	53	65
3	69	58	53
3	53	56	65
4	44	56	53	39
4	53	58	48	39
4	47	57	44	39
4	48	59	47	39
4	66	67	71	70
4	66	57	46	67
3	67	36	71
3	36	49	71
3	67	46	36
4	71	49	59	70
3	70	47	66
3	70	59	47
3	47	57	66
4	46	57	47	36
4	47	59	49	36
4	68	69	73	72
4	68	54	58	69
4	69	58	55	73
4	73	55	43	72
4	72	43	54	68
4	55	58	54	43
4	69	70	74	73
3	69	48	70
3	69	58	48
3	48	59	70
4	70	59	50	74
3	74	40	73
3	40	55	73
3	74	50	40
4	73	55	58	69
4	48	58	55	40
4	50	59	48	40
4	70	71	75	74
4	70	59	49	71
4	71	49	37	75
4	75	37	50	74
4	74	50	59	70
4	49	59	50	37
13
17	-1	-2	-3	-4	-5	-6	-7	-8	-9	-10	-11	-12	-13	-14	-15	-16	-17
17	-18	-19	-20	-21	-22	-23	-24	-25	-26	-27	-28	-29	-30	-31	-32	-33	-34
17	-35	-36	-37	-38	-39	-40	-41	-42	-43	-44	-45	-46	-47	-48	-49	-50	-51
17	-52	-53	-54	-55	-56	-57	-58	-59	-60	-61	-62	-63	-64	-65	-66	-67	-68
6	-69	-70	-71	-72	-73	-74
11	-75	-76	-77	-78	-79	-80	-81	-82	-83	-84	-85
6	-86	-87	-88	-89	-90	-91
11	-92	-93	-94	-95	-96	-97	-98	-99	-100	-101	-102
17	-103	-104	-105	-106	-107	-108	-109	-110	-111	-112	-113	-114	-115	-116	-117	-118	-119
11	-120	-121	-122	-123	-124	-125	-126	-127	-128	-129	-130
6	-131	-132	-133	-134	-135	-136
11	-137	-138	-139	-140	-141	-142	-143	-144	-145	-146	-147
6	-148	-149	-150	-151	-152	-153
13
1.5000000000	1.5000000000	-1.5000000000
1.5000000000	-1.5000000000	-1.5000000000
-1.5000000000	1.5000000000	-1.5000000000
-1.5000000000	-1.5000000000	-1.5000000000
-2.0000000000	2.0000000000	1.5000000000
0.0000000000	2.0000000000	1.5000000000
2.0000000000	2.0000000000	1.5000000000
-2.0000000000	0.0000000000	1.5000000000
0.0000000000	0.0000000000	1.5000000000
2.0000000000	0.0000000000	1.5000000000
-2.0000000000	-2.0000000000	1.5000000000
0.0000000000	-2.0000000000	1.5000000000
2.0000000000	-2.0000000000	1.5000000000